10	5	2.7333333333333334
4 2 4 18 5 18 1 3 3 1 5 6 3 2 12 3 12 4 11
4 4 1 17 2 16 3 15 5 20 3 1 15 2 13 5 17 4 2 11 3 13 4 11 5 11 1 1 9
4 1 3 11 3 1 12 4 12 5 10 1 2 15 2 1 2 2 2
6 3 1 11 3 11 4 14 5 1 20 2 20 3 16 4 20 5 18 3 1 14 3 18 5 15 5 1 4 2 5 3 6 4 4 5 5 1 3 4 1 4 13
4 1 1 5 3 1 2 3 2 5 2 5 1 17 2 11 3 11 4 14 5 12 3 1 11 3 12 4 13
4 3 1 11 3 10 5 12 5 1 2 2 2 3 2 4 2 5 2 5 1 11 2 10 3 10 4 9 5 11 2 1 18 3 15
6 4 2 3 3 2 4 2 5 3 3 1 5 2 4 3 4 2 2 17 3 19 3 2 17 4 11 5 11 3 1 7 3 7 5 8 2 1 18 3 19
4 2 1 6 2 6 2 3 18 4 20 1 1 10 2 2 4 4 4
4 1 2 14 5 1 16 2 17 3 13 4 16 5 14 4 1 3 2 4 3 5 5 4 1 1 13
5 1 4 6 5 1 2 2 2 3 2 4 2 5 2 3 2 5 4 4 5 4 5 1 16 2 12 3 15 4 12 5 13 3 2 2 3 2 5 2
