100	40	5.625877632898696
9 5 3 20 15 15 32 19 35 18 38 20 2 5 10 10 10 2 16 15 21 20 7 1 14 8 16 20 14 27 14 31 12 33 16 36 15 8 1 4 3 2 8 3 11 4 14 4 22 4 27 2 40 2 1 36 14 2 1 16 6 16 6 11 11 16 13 20 11 21 15 25 15 34 16 10 3 17 4 19 5 19 6 20 14 14 17 16 18 18 32 20 37 19 39 16
8 6 7 20 14 20 19 16 27 17 30 17 31 19 4 2 10 18 14 31 10 32 13 1 1 19 8 4 7 6 5 13 5 18 5 28 7 31 5 36 6 39 5 8 6 4 7 3 16 2 17 4 20 3 25 2 26 2 29 4 9 6 3 19 2 23 2 25 4 28 3 30 4 37 2 38 2 40 4 8 2 7 16 6 17 6 23 6 28 6 31 7 34 5 37 6 1 29 18
11 10 4 6 9 7 16 7 20 5 25 7 31 6 35 5 36 5 37 7 39 7 2 28 2 39 2 3 29 18 31 18 33 13 9 2 3 9 2 12 3 14 4 19 4 20 2 22 4 24 3 40 2 8 2 7 3 5 8 7 17 7 18 5 29 7 34 6 40 5 7 2 12 6 9 9 12 18 13 19 9 20 12 33 12 8 5 10 12 11 14 11 15 12 18 10 23 13 30 16 37 16 2 3 2 39 2 8 3 5 5 3 7 3 12 4 18 4 26 4 32 4 33 4 4 8 14 18 12 20 13 39 12 7 4 19 12 13 14 15 19 18 29 14 31 13 39 19
8 7 7 5 12 5 18 4 22 5 25 6 26 5 27 6 3 16 16 18 20 21 15 8 1 19 2 17 10 16 12 19 23 19 24 18 25 16 32 20 10 1 14 7 15 8 13 10 11 11 17 18 14 30 16 31 16 32 17 36 16 1 24 13 4 3 2 11 3 24 3 27 4 4 2 11 15 10 28 13 35 10 1 11 11
10 2 1 12 40 13 6 3 5 6 7 12 5 30 5 32 5 37 6 10 6 1 8 1 10 1 19 1 21 1 25 1 26 1 28 1 30 1 37 1 2 19 13 25 12 8 12 18 18 15 19 19 21 16 22 18 23 17 31 16 37 17 4 17 14 19 15 24 13 38 13 9 6 16 9 20 15 20 16 19 22 19 24 18 25 16 26 20 34 17 2 18 16 32 16 9 3 15 6 11 15 13 17 13 19 17 20 17 34 17 38 13 40 13 5 2 4 10 3 19 5 24 4 35 4
11 8 7 11 20 7 22 11 24 11 27 8 28 8 35 10 36 8 6 16 13 19 13 21 13 25 11 30 10 31 9 8 3 10 6 10 8 9 12 12 19 11 21 10 31 13 40 10 3 9 18 35 16 38 19 1 38 2 8 2 6 4 6 7 7 17 8 25 6 29 7 31 7 32 6 9 13 15 21 19 22 15 24 17 26 18 30 20 35 18 38 19 39 15 8 3 17 9 14 19 18 20 20 30 20 33 18 34 15 38 15 4 15 20 29 14 37 17 40 19 9 2 6 4 6 16 5 18 6 19 6 21 7 22 6 34 5 39 6 9 10 15 16 14 18 15 20 13 30 13 36 13 38 15 39 15 40 16
9 6 2 3 6 3 23 4 32 4 35 2 40 2 7 8 5 16 7 18 7 26 6 29 5 30 7 36 6 2 5 19 25 15 2 5 18 33 18 5 3 4 17 5 20 5 23 5 38 3 9 1 20 4 20 15 16 19 17 20 20 29 19 37 16 38 18 39 18 10 6 14 10 15 12 14 15 14 19 14 20 13 22 10 29 10 36 15 39 13 1 4 9 4 1 12 3 17 19 11 32 13
10 6 13 20 15 19 26 16 34 19 36 16 39 20 7 6 8 12 6 13 8 14 7 20 6 25 7 38 6 3 5 6 8 6 24 5 9 2 8 10 10 15 12 19 8 22 8 25 11 31 12 37 10 40 8 6 3 18 5 17 19 17 24 12 28 17 34 16 6 4 13 9 18 15 17 24 13 28 13 39 14 1 35 16 2 8 6 14 6 8 5 1 11 1 12 1 18 1 21 1 27 1 32 1 40 1 8 6 15 9 13 12 12 21 12 24 14 28 15 33 16 36 15
12 10 2 20 6 20 7 18 12 20 15 20 26 16 27 20 31 18 35 19 37 17 3 13 19 15 13 25 17 7 9 10 14 11 15 10 17 12 24 9 26 11 31 9 9 13 6 18 9 27 9 29 9 31 8 32 7 35 6 37 8 38 7 10 1 4 5 4 6 5 11 5 12 3 15 5 16 5 29 4 36 5 37 5 10 3 7 5 8 9 8 12 7 16 8 20 10 25 9 28 8 34 10 39 6 3 8 2 26 2 28 2 7 1 13 7 12 12 10 28 11 31 9 33 13 34 10 6 2 3 8 3 10 4 11 3 18 3 21 4 6 3 6 16 6 30 8 31 7 32 6 33 8 3 6 1 11 1 35 1 5 16 8 19 8 23 12 24 9 34 9
12 5 5 10 28 13 31 12 32 13 40 10 6 4 1 6 1 20 1 26 1 35 1 39 1 4 1 5 28 5 35 4 36 4 8 5 17 6 17 8 13 13 12 15 15 20 13 33 14 40 14 10 3 11 4 12 7 11 12 14 15 15 17 15 21 16 23 11 27 15 33 17 5 11 4 28 3 34 3 38 4 39 3 1 22 15 5 8 3 12 2 29 2 33 3 39 3 4 2 7 3 8 14 6 17 7 10 1 9 2 12 7 8 8 9 12 12 14 8 16 12 23 8 37 11 38 11 4 19 7 24 6 34 6 36 8 2 8 6 34 6
11 7 1 8 5 6 8 7 11 10 22 9 28 8 36 10 10 3 3 8 5 10 4 18 3 19 3 30 4 34 5 36 4 39 3 40 3 7 6 2 19 2 27 2 30 2 31 2 32 2 39 2 3 4 7 5 7 6 7 4 5 1 30 1 31 1 33 1 6 3 4 4 3 13 2 20 2 33 3 36 2 6 3 13 7 12 11 10 15 9 30 9 33 11 2 11 11 32 12 2 4 17 23 14 6 2 17 4 16 23 20 28 17 31 20 33 20 2 8 8 26 8
8 3 23 12 25 16 32 15 7 11 4 14 4 17 5 24 4 28 3 33 5 34 4 7 4 11 12 11 20 13 26 11 29 13 31 9 33 11 9 6 5 10 6 13 4 15 5 30 5 31 6 32 5 34 6 36 5 2 11 2 32 3 10 2 18 6 18 14 19 18 19 19 15 27 15 30 17 32 17 33 13 37 17 2 23 2 25 2 2 36 20 39 20
10 5 12 18 20 17 34 20 36 17 39 20 9 4 13 7 14 13 16 14 16 16 19 19 15 24 15 25 18 39 18 2 1 8 31 10 7 7 18 8 19 11 18 12 18 17 18 23 18 34 15 7 4 12 5 9 6 12 14 9 28 13 30 11 35 9 7 8 19 18 14 20 14 21 17 24 15 30 17 38 19 7 4 18 8 12 9 12 15 15 34 13 35 13 39 16 3 8 15 15 11 29 16 7 12 11 16 15 20 11 24 15 25 14 28 14 36 15 4 12 4 17 4 21 6 35 5
10 5 3 3 9 3 14 4 16 5 20 5 6 5 15 12 12 19 13 22 13 31 15 36 13 9 1 8 3 8 7 11 12 8 13 10 23 11 28 10 33 9 36 9 8 8 9 9 12 20 11 21 13 25 10 26 13 28 9 39 9 5 5 12 16 13 29 15 35 11 37 13 1 9 19 2 22 18 33 18 2 6 9 28 9 2 32 16 38 16 8 2 8 9 8 11 8 16 6 20 8 22 6 26 6 34 8
11 1 1 6 7 1 19 11 17 15 16 25 17 27 18 37 19 40 20 3 8 9 28 10 40 8 7 6 20 13 19 19 15 21 19 27 14 35 20 39 17 9 1 1 10 1 13 1 14 1 15 1 18 1 33 1 36 1 37 1 3 21 4 25 2 26 3 5 12 6 25 6 29 7 33 7 36 8 2 7 11 8 11 3 17 20 19 17 36 17 1 34 6 6 12 15 18 13 30 13 33 11 37 11 38 14
8 3 29 4 33 3 40 5 8 11 11 17 12 18 12 26 14 32 10 37 12 39 12 40 14 1 33 18 6 1 6 4 4 9 5 15 4 31 6 34 4 1 33 2 5 9 4 22 4 25 2 30 4 34 4 3 15 16 24 16 37 20 8 4 5 22 6 23 6 28 4 32 4 36 4 37 6 38 5
10 7 3 16 4 18 16 17 20 19 34 19 35 16 37 20 2 36 18 40 13 4 9 12 22 11 32 8 34 9 7 6 10 10 9 11 9 14 10 24 7 37 6 40 10 8 6 19 7 15 13 16 17 20 24 20 29 15 31 15 33 19 1 15 14 4 16 6 27 8 32 8 35 6 5 13 10 20 14 29 12 30 13 39 12 9 2 10 7 10 14 16 19 16 22 13 26 11 28 14 34 12 35 11 1 2 10
10 4 4 11 15 12 21 13 31 15 7 4 4 7 2 10 4 22 4 29 4 30 4 32 4 10 1 11 5 9 15 10 16 11 18 13 20 11 26 9 29 11 30 11 32 11 7 7 11 22 7 30 9 31 9 33 10 36 9 39 7 2 28 15 39 18 10 8 8 16 10 27 8 28 10 29 10 30 7 35 11 36 10 37 7 38 7 2 15 12 25 12 9 5 20 8 15 9 15 21 19 22 20 28 15 31 18 36 17 40 20 6 9 17 13 13 20 13 22 14 24 15 38 12 3 2 15 21 15 36 15
9 5 2 1 4 1 15 1 25 1 29 1 8 4 17 11 16 14 15 22 14 27 19 31 20 32 15 38 15 9 1 17 7 20 12 20 16 20 17 17 20 17 24 15 30 17 32 20 1 24 1 7 5 16 7 18 9 18 13 17 15 18 17 16 35 19 8 8 14 12 14 19 16 25 18 32 20 36 20 37 20 38 15 1 23 9 5 3 13 23 15 25 10 33 15 34 11 10 3 1 7 1 8 1 13 1 14 1 18 1 24 1 30 1 35 1 37 1
9 5 3 6 28 7 34 9 36 10 40 9 10 1 8 2 8 12 11 13 11 20 10 25 12 27 12 30 10 31 8 38 11 5 5 17 21 19 22 16 26 20 38 18 5 2 4 8 4 13 3 26 4 40 3 5 3 2 5 4 9 3 22 2 34 4 7 10 16 17 17 19 12 28 14 29 14 30 15 40 16 8 3 7 10 11 12 8 15 9 18 8 32 8 35 8 40 9 4 4 11 14 10 21 13 31 13 5 3 6 6 8 19 8 23 6 35 6
12 1 23 7 3 24 19 25 18 37 18 2 12 17 38 16 7 4 1 6 1 10 1 26 1 33 1 35 1 36 1 2 1 5 20 4 4 8 17 19 17 30 13 32 17 2 3 12 38 12 2 30 17 31 19 9 3 19 7 16 8 13 17 15 22 18 29 17 31 15 35 13 39 19 4 16 4 19 5 25 6 26 6 3 2 11 10 11 32 10 5 11 13 22 14 31 13 38 17 40 16
11 6 11 4 16 2 17 2 20 2 25 4 37 3 8 2 2 4 2 5 2 10 2 26 2 27 2 30 2 32 2 8 9 7 11 7 17 6 22 5 23 6 26 5 37 6 40 5 5 11 20 23 18 28 17 31 17 37 20 4 22 2 24 2 27 2 31 2 2 23 3 30 5 7 9 18 12 16 15 17 18 18 20 17 29 18 36 15 8 6 16 11 16 13 20 19 15 23 19 24 17 31 14 34 16 1 2 14 4 20 16 24 19 29 17 34 20 1 35 7
9 8 7 9 8 10 9 9 21 10 23 12 25 13 26 13 28 13 7 1 12 2 13 20 15 27 12 29 13 33 14 40 11 6 5 4 17 5 19 6 20 6 24 4 29 5 6 13 11 14 13 23 12 29 12 31 14 37 17 9 2 16 25 20 28 18 31 14 32 20 34 20 35 20 38 17 39 20 10 1 1 11 1 12 1 16 1 18 1 26 1 32 1 37 1 38 1 39 1 5 4 19 8 19 12 15 26 16 39 19 7 1 15 3 17 20 18 24 20 25 20 31 20 37 18 4 15 14 19 15 28 15 38 19
9 1 27 19 3 11 12 18 17 29 12 3 5 15 25 18 37 14 6 2 7 4 10 8 11 21 7 23 8 28 7 10 1 16 5 16 7 16 8 11 10 15 20 16 26 16 29 15 31 14 33 15 5 5 18 9 17 10 17 24 14 35 20 3 19 12 28 12 37 13 3 5 2 10 2 21 2 9 1 5 3 4 14 3 22 5 23 5 30 3 32 4 36 3 39 3
10 5 17 3 20 3 28 5 30 3 32 4 4 7 12 16 11 23 10 29 16 7 1 5 5 5 7 4 11 6 23 4 25 4 26 4 6 1 10 4 8 9 12 24 10 34 10 40 12 8 1 1 11 1 21 1 27 1 28 1 29 1 31 1 34 1 10 1 16 5 12 6 17 13 17 14 12 16 16 22 17 23 14 27 13 40 15 2 17 15 30 16 2 8 19 34 19 4 5 8 29 6 32 7 37 8 5 16 3 27 4 34 3 35 2 36 4
8 6 3 6 21 10 24 6 26 8 30 6 35 10 4 26 5 29 5 36 7 38 5 5 10 1 18 1 21 1 28 1 31 1 9 5 16 7 14 11 17 14 13 17 15 21 12 32 13 35 16 40 13 4 12 11 20 12 22 13 35 17 3 28 16 32 16 36 16 2 14 2 23 2 1 26 12
12 10 3 5 8 4 15 6 19 4 23 6 24 6 25 5 26 5 27 6 33 6 4 6 4 9 3 10 3 17 3 5 11 9 17 10 18 8 29 12 37 11 10 3 1 8 1 9 1 11 1 22 1 23 1 24 1 27 1 30 1 34 1 9 4 5 7 5 9 4 12 5 15 3 16 5 18 5 25 4 36 3 7 9 17 11 20 19 18 20 17 22 19 26 17 39 18 3 4 16 12 17 28 12 3 4 13 6 16 18 17 2 3 7 33 8 9 2 3 4 2 6 4 7 2 17 2 20 4 25 4 26 2 36 2 5 2 3 7 3 17 3 18 4 34 5 4 5 10 9 6 10 9 15 10
12 6 2 17 6 16 8 18 11 16 14 15 24 20 6 13 9 21 11 30 11 31 11 35 11 36 11 1 38 17 7 6 18 14 15 20 16 21 20 29 19 37 17 39 19 5 22 16 28 18 31 17 35 20 36 15 6 9 20 17 16 20 14 25 15 36 20 38 18 2 8 16 38 16 5 2 17 7 18 8 14 17 19 20 15 10 2 11 5 10 9 9 13 11 14 11 23 9 28 10 30 11 32 10 38 11 5 10 2 18 2 21 2 28 2 33 2 8 4 6 15 8 18 10 23 6 28 9 31 9 32 8 38 9 9 9 11 15 11 19 13 30 10 32 14 34 10 35 12 36 13 40 11
12 9 7 12 13 10 15 14 22 16 25 15 27 11 29 14 34 13 40 11 8 1 4 2 4 15 6 18 6 25 6 27 4 33 4 40 5 9 3 6 6 4 7 6 8 6 18 5 22 6 31 4 35 4 39 4 10 2 5 5 3 6 3 9 5 13 4 31 5 33 4 35 4 37 3 40 4 5 15 12 22 15 30 11 34 11 35 15 6 16 10 19 6 21 9 23 9 27 8 36 8 9 1 19 10 17 15 19 17 18 18 20 21 14 28 19 32 16 38 15 8 2 14 6 15 11 17 16 19 17 19 27 16 29 14 40 14 9 2 13 17 10 18 12 20 13 23 12 25 14 34 10 37 11 39 10 3 16 18 23 14 30 13 7 3 6 12 8 15 7 25 8 30 6 32 6 39 6 6 7 2 9 2 12 2 13 2 22 2 33 2
8 4 2 1 19 1 20 1 35 1 7 2 15 11 14 18 13 20 13 30 18 35 12 40 13 6 2 11 4 14 12 15 18 10 34 16 40 16 8 3 6 5 7 11 6 17 5 24 6 32 7 33 6 39 7 3 4 4 15 5 35 6 1 24 1 9 3 15 8 12 10 16 19 14 21 13 26 14 29 13 30 10 38 14 9 6 16 8 10 12 16 15 10 17 13 18 16 27 14 32 14 39 10
9 6 1 19 9 19 19 18 26 20 28 16 38 19 5 4 15 23 14 26 13 28 18 36 17 6 2 18 10 18 18 17 33 20 35 20 39 20 6 13 3 15 5 17 3 27 5 28 3 35 3 10 5 16 10 17 19 19 22 19 23 17 27 20 29 18 35 19 39 20 40 18 1 2 20 10 5 9 9 9 12 10 15 10 16 10 25 12 26 11 32 9 38 11 39 11 7 3 1 6 1 14 1 21 1 24 1 29 1 39 1 6 1 1 3 1 32 1 33 1 34 1 36 1
11 2 36 3 38 4 1 5 5 8 9 2 11 2 14 2 15 2 18 2 25 2 31 2 40 2 2 3 5 8 4 1 25 16 5 1 8 5 8 19 8 25 7 30 6 1 31 13 7 17 12 27 9 31 11 32 12 34 10 38 9 40 10 5 3 12 4 12 17 13 31 12 40 13 7 1 11 2 9 21 12 23 9 28 11 31 9 34 11 2 4 14 26 18
11 7 8 1 9 1 16 1 22 1 24 1 33 1 34 1 3 4 13 14 10 19 12 9 1 15 7 16 8 18 10 18 20 19 28 15 29 20 31 16 33 18 1 25 17 3 1 9 5 7 17 7 4 7 3 17 4 18 2 22 2 3 24 6 28 8 30 6 2 29 19 39 20 1 16 14 7 3 12 26 9 27 13 29 9 32 13 34 10 39 12 9 3 20 4 15 5 16 15 18 17 20 28 20 32 15 34 15 38 15
10 10 5 15 12 20 17 17 20 17 21 18 25 14 26 14 28 17 31 18 40 19 5 4 2 25 2 27 3 34 2 36 2 3 11 1 33 1 37 1 7 5 1 7 1 8 1 9 1 14 1 19 1 31 1 6 3 20 6 17 11 16 16 14 34 18 36 16 2 27 19 39 16 6 4 8 7 8 8 6 14 8 24 6 28 7 9 3 1 8 1 12 1 13 1 16 1 30 1 35 1 36 1 37 1 9 1 8 4 7 6 6 7 10 11 9 12 6 17 6 28 9 34 6 8 3 9 4 8 21 9 24 7 28 10 32 9 38 10 39 9
8 9 5 2 14 2 19 2 20 2 23 2 25 2 29 2 34 2 35 2 10 2 12 8 13 14 11 17 12 19 12 20 14 21 10 27 13 29 14 40 11 2 4 3 5 5 2 7 17 20 17 1 39 3 6 1 12 13 11 16 16 17 14 24 16 28 12 4 22 4 30 5 36 5 37 5 4 9 14 13 14 20 12 35 15
8 2 1 7 37 7 9 3 11 6 11 8 9 10 8 11 8 23 8 26 9 32 10 39 7 9 5 17 6 18 7 13 8 16 11 12 13 14 15 15 34 13 39 16 4 4 6 10 7 13 7 23 7 8 15 19 16 18 19 18 20 15 21 18 22 15 29 18 40 16 2 32 1 33 1 8 2 7 15 7 21 10 23 11 28 11 29 10 31 7 37 9 3 8 7 12 5 15 6
12 6 9 2 19 2 20 2 24 2 31 2 32 2 3 14 18 29 16 31 17 1 28 11 9 1 6 2 6 13 6 19 4 26 5 29 4 30 5 37 6 38 4 6 15 17 20 14 31 13 32 19 33 17 38 17 4 1 12 3 12 15 10 24 9 7 1 18 8 13 10 18 14 19 21 15 22 14 40 13 8 8 19 10 16 11 15 14 19 17 20 28 18 33 19 39 17 6 1 4 17 6 19 6 24 6 25 4 33 5 7 6 11 12 8 15 8 22 11 26 11 29 8 39 11 6 2 6 27 8 29 10 30 7 35 9 38 6 10 5 16 6 15 11 19 13 20 17 16 21 18 28 16 29 17 30 17 39 20
12 4 2 20 22 18 33 20 34 14 5 8 13 9 16 21 19 23 14 28 18 8 1 19 6 19 16 16 18 18 19 19 21 20 25 20 29 17 7 1 9 2 13 3 13 9 13 14 9 25 13 29 13 5 12 10 14 15 28 15 38 12 40 10 7 4 2 6 4 18 3 26 4 28 2 31 4 34 3 3 9 9 30 12 33 9 1 2 17 1 8 2 6 4 9 15 8 22 9 23 10 28 7 38 7 5 11 15 15 18 16 16 32 18 33 15 2 30 5 39 5
8 8 7 7 9 6 14 7 16 8 17 6 26 7 27 7 35 7 7 9 11 12 9 17 9 27 13 33 12 34 13 40 13 7 8 14 16 12 24 11 26 10 35 10 38 15 39 11 1 8 6 3 35 16 36 15 37 14 6 15 16 20 19 31 17 36 18 39 16 40 18 9 2 13 3 17 4 15 10 19 13 18 21 15 22 16 29 19 32 19 3 12 20 19 20 29 20
12 3 4 10 28 12 38 10 5 8 19 10 15 20 15 30 19 37 20 7 2 4 4 3 16 2 23 4 33 4 38 2 39 2 7 6 7 11 7 17 6 26 6 32 7 35 7 37 6 1 10 17 4 6 12 11 12 19 12 20 14 3 2 1 21 1 30 1 3 5 13 28 12 39 10 10 1 19 3 18 4 14 6 15 15 17 27 14 28 15 32 19 33 18 34 16 6 7 1 13 1 27 1 31 1 35 1 40 1 7 2 5 5 7 23 6 25 5 26 6 31 7 36 5 7 3 16 7 20 19 16 22 20 25 20 36 15 40 19
8 2 24 15 30 17 8 11 16 12 18 13 20 15 18 18 14 26 15 27 14 32 20 6 1 2 8 2 12 2 17 2 25 2 37 2 7 1 12 3 12 13 12 16 9 19 13 34 10 40 10 4 4 17 6 19 14 14 30 15 7 2 19 11 18 16 19 23 19 27 18 30 17 31 15 7 3 7 8 7 19 8 22 11 24 10 34 10 37 10 8 7 13 9 13 11 11 20 11 29 9 31 12 39 11 40 9
9 2 4 4 23 4 3 33 17 36 19 37 19 2 19 12 30 10 7 6 4 14 4 17 4 23 2 26 4 27 3 37 2 4 2 15 17 15 20 18 31 18 9 1 10 4 8 21 11 22 9 23 12 33 10 35 8 37 10 40 10 1 37 6 1 19 3 2 26 11 28 13
9 4 23 11 28 8 31 7 37 11 3 15 19 27 19 33 17 3 8 10 18 11 39 11 10 4 17 5 19 7 18 19 20 23 16 27 17 31 18 35 18 36 20 37 20 1 40 8 4 1 17 7 16 31 20 32 16 6 3 9 7 8 24 9 35 10 36 10 40 7 5 19 3 23 3 32 3 37 3 39 5 1 10 19
12 5 23 15 24 14 28 12 29 14 37 16 1 18 5 7 8 9 14 11 15 12 20 10 29 13 33 10 34 9 4 10 11 24 9 35 8 36 8 10 4 10 5 9 16 10 17 6 18 8 22 9 27 8 28 8 36 6 40 8 2 28 11 36 13 3 28 14 34 19 39 16 5 6 3 11 5 12 5 19 4 37 5 5 2 7 9 5 17 5 22 6 33 5 2 21 13 36 16 8 8 12 14 11 17 11 21 10 22 10 26 8 30 9 36 8 4 6 6 16 6 27 5 35 6
12 9 4 12 5 14 21 11 26 13 28 13 31 12 32 17 37 13 39 16 6 4 6 15 5 16 5 17 4 28 6 34 5 9 10 2 13 4 15 3 16 3 20 4 25 3 35 3 37 3 38 2 7 3 6 4 5 17 6 18 4 23 5 25 5 33 5 9 1 11 4 8 6 7 22 7 24 8 26 11 37 10 38 8 40 9 6 2 2 5 2 11 2 18 2 32 2 36 2 5 4 5 15 6 24 4 34 6 36 5 8 2 14 5 13 6 10 18 13 24 10 28 12 38 11 39 10 9 2 15 8 15 9 17 11 17 15 18 27 19 28 19 31 15 33 18 2 2 17 11 17 6 15 7 20 7 23 6 31 7 35 5 39 5 10 1 19 7 17 13 17 15 13 26 13 27 16 31 16 35 16 36 17 37 17
10 9 4 6 14 5 16 5 20 6 26 5 27 6 28 6 30 7 32 7 3 1 20 39 20 40 18 4 19 16 35 18 37 17 38 16 7 9 20 11 20 22 19 24 20 35 20 37 20 38 20 9 1 3 2 4 10 5 17 5 18 4 23 4 29 5 30 3 37 5 9 8 6 16 6 22 7 28 7 31 10 32 10 34 6 35 10 38 6 10 1 5 3 6 16 7 21 6 22 7 23 5 27 7 29 6 33 5 34 5 2 3 18 30 17 8 1 15 4 16 11 18 14 19 21 14 25 15 31 19 34 15 10 4 6 6 5 11 5 18 4 19 4 23 6 24 6 25 5 30 5 31 4
10 8 2 8 3 11 5 10 9 8 12 8 16 7 31 7 32 10 6 12 11 14 16 23 14 31 16 33 11 36 13 1 13 20 9 2 8 4 6 6 6 10 6 15 8 17 7 30 6 34 9 36 7 9 7 6 8 5 11 4 17 6 19 5 21 4 32 6 36 4 40 4 2 31 4 36 4 10 6 10 7 6 8 7 12 7 16 10 21 6 22 10 25 9 27 10 32 8 6 3 14 11 18 13 19 24 17 28 18 31 18 6 1 7 5 6 16 6 21 6 24 6 28 5 7 2 1 5 1 11 1 14 1 21 1 22 1 33 1
9 9 8 11 9 7 13 10 26 10 28 11 29 8 32 10 34 7 35 9 7 11 6 21 5 23 6 25 5 28 4 30 6 39 6 5 1 14 7 16 10 14 21 17 27 15 7 7 12 13 11 17 9 21 11 24 13 32 10 38 10 2 6 11 31 11 8 6 2 12 2 17 2 18 2 31 2 32 2 38 2 39 2 10 6 2 13 2 18 2 20 2 28 2 29 2 34 2 35 2 39 2 40 2 10 1 1 7 1 10 1 13 1 20 1 21 1 30 1 34 1 35 1 40 1 10 7 13 14 12 16 14 17 16 18 15 21 10 22 10 23 16 33 16 36 10
12 7 5 9 8 8 16 8 30 7 31 7 34 7 36 11 6 4 10 7 11 8 10 16 12 32 13 35 13 6 19 8 27 8 28 12 33 9 38 9 39 8 6 6 10 7 10 16 13 19 10 27 14 32 13 2 2 17 15 14 10 3 18 4 17 5 16 22 19 23 20 24 16 25 18 33 19 34 20 40 17 9 7 2 8 2 14 2 18 2 20 2 22 2 24 2 33 2 35 2 4 1 11 4 12 24 11 33 15 9 2 5 5 7 13 7 20 5 23 6 27 7 32 7 34 6 38 5 2 16 16 28 16 10 7 10 8 7 11 7 13 10 17 9 22 10 28 11 31 9 34 7 38 11 10 2 19 6 19 7 15 13 20 14 16 21 16 23 19 27 19 34 15 39 15
8 6 12 5 15 4 16 6 31 4 36 6 37 5 2 5 11 25 10 2 32 10 33 12 5 7 3 9 3 11 5 19 5 37 5 8 5 20 6 18 14 19 15 17 17 20 21 20 28 16 31 16 6 2 11 9 8 19 12 21 12 26 9 29 8 3 11 14 35 14 38 17 3 9 3 15 5 33 4
12 6 10 9 22 11 24 13 31 10 32 13 40 9 3 5 20 26 19 29 18 9 5 6 7 6 10 6 15 7 16 7 21 7 22 7 25 6 33 7 3 8 13 18 12 31 9 2 1 7 39 8 1 7 1 8 1 1 9 1 23 1 26 1 28 1 30 1 32 1 33 1 9 7 14 9 18 12 14 28 18 30 17 31 18 34 17 35 14 40 16 10 1 2 2 2 3 2 4 2 7 2 10 2 25 2 26 2 29 2 32 2 10 1 1 10 1 12 1 15 1 25 1 26 1 32 1 34 1 38 1 40 1 5 3 20 4 19 6 17 10 16 25 20 1 32 14
9 1 39 19 4 2 2 9 2 20 2 36 2 4 1 7 10 7 20 8 23 6 3 7 11 10 13 14 11 10 1 12 12 12 19 12 25 8 27 8 28 10 29 10 33 9 36 10 38 10 4 3 7 6 7 29 7 31 6 7 4 4 8 5 10 5 12 4 27 5 36 6 40 6 1 20 6 6 2 10 9 12 12 12 13 13 15 10 37 13
12 10 3 3 5 3 19 3 20 3 21 4 27 5 28 4 31 5 33 3 37 3 2 15 6 28 4 9 7 5 8 3 9 4 10 5 11 4 12 3 19 3 22 3 37 4 2 21 14 35 14 10 2 12 3 10 6 11 8 12 12 10 15 11 22 12 29 14 35 13 39 12 10 10 13 11 10 17 10 18 10 19 14 22 11 32 13 34 13 35 14 37 13 3 1 18 25 18 26 19 9 2 2 3 2 18 2 21 2 22 2 25 2 35 2 36 2 37 2 3 1 9 4 11 7 9 1 18 10 6 3 18 16 13 21 14 31 14 33 12 35 15 3 1 6 13 6 34 8
10 10 4 17 6 11 9 11 11 15 12 14 18 12 25 14 27 17 29 17 34 16 2 2 2 10 2 4 8 1 13 1 23 1 27 1 10 1 7 4 6 7 5 13 7 15 6 20 7 24 5 26 6 35 7 39 7 9 5 17 7 13 8 14 9 18 13 18 29 17 32 13 38 13 39 17 1 19 4 9 5 17 6 11 7 17 14 14 16 13 21 17 24 14 31 11 35 11 5 5 4 15 4 20 4 22 4 35 2 8 2 16 3 18 7 18 22 15 27 16 28 19 29 16 40 15 6 7 11 12 9 17 10 21 8 29 11 34 9
11 7 4 10 10 8 14 6 23 10 27 10 28 8 34 7 6 2 12 7 8 10 10 21 12 29 11 36 12 5 22 8 24 8 25 7 30 7 39 8 10 4 2 5 2 9 2 10 2 12 2 13 2 17 2 24 2 27 2 34 2 7 11 10 15 7 18 10 20 7 22 10 23 9 37 6 1 13 4 7 5 11 14 13 15 10 17 13 28 12 30 11 37 10 8 3 3 5 3 7 3 9 4 16 4 20 2 33 2 37 4 5 3 15 17 16 24 17 25 14 31 17 2 7 6 19 6 6 10 9 19 12 20 8 31 11 39 11 40 8
12 10 3 7 5 6 6 7 14 7 17 6 18 6 20 8 26 7 29 7 36 7 3 13 5 17 4 32 3 10 4 18 6 19 7 16 16 18 18 14 21 18 26 16 31 14 36 13 40 15 6 14 8 17 7 19 7 30 6 31 6 37 7 6 6 9 7 11 10 10 12 12 28 9 37 9 7 10 18 13 17 14 18 19 14 20 18 27 13 35 13 6 9 4 16 5 23 6 31 5 38 6 39 6 2 33 9 35 9 5 2 16 13 20 15 17 16 19 31 18 5 3 20 5 20 22 17 27 19 34 19 10 3 17 6 19 9 17 10 20 13 19 14 19 18 16 23 17 24 19 25 19 1 22 17
11 6 14 4 20 3 25 3 26 5 30 4 34 4 1 36 2 10 8 7 10 5 12 6 17 7 18 6 28 7 29 6 30 5 32 6 35 7 9 3 3 4 4 5 4 8 5 18 4 23 5 35 5 36 5 40 4 6 3 19 4 13 9 15 10 13 11 17 17 17 7 4 14 9 15 10 20 17 18 20 16 30 16 40 19 10 2 9 6 9 7 11 10 10 14 8 24 9 25 9 30 8 32 9 40 10 1 40 4 10 3 11 4 12 5 11 6 12 8 10 10 13 16 10 19 9 30 10 34 13 10 4 17 5 13 13 13 20 16 21 12 22 17 27 11 28 11 39 12 40 11 5 2 18 6 14 23 15 26 19 40 19
8 3 3 1 18 1 37 1 10 4 10 10 14 12 12 15 13 16 10 23 10 26 10 27 12 28 10 40 12 4 12 4 18 5 27 3 40 5 6 1 12 13 11 16 11 17 9 25 8 30 9 6 4 6 6 6 10 6 16 7 28 5 36 5 4 3 2 7 2 23 4 35 4 9 8 14 10 11 21 10 25 15 26 16 29 16 35 10 36 16 37 13 1 2 7
12 2 18 13 23 10 7 1 6 7 6 15 5 27 7 28 7 33 7 35 6 10 2 14 4 14 15 17 20 19 23 18 25 14 26 14 32 14 35 19 39 15 3 17 13 24 14 39 13 8 2 18 4 20 10 16 24 15 25 15 37 15 38 18 39 20 9 1 12 2 12 5 12 20 13 23 11 31 12 34 13 38 13 39 10 7 6 14 15 15 16 12 18 10 22 13 23 15 39 16 9 4 13 9 16 11 15 18 13 19 10 26 13 27 12 34 16 39 10 5 14 1 21 1 26 1 32 1 39 1 8 7 1 14 1 18 1 22 1 32 1 34 1 39 1 40 1 8 14 14 18 15 19 16 20 14 31 18 33 17 35 19 40 18 9 2 16 5 16 8 18 9 17 14 15 18 20 19 16 26 19 29 14
9 1 33 8 2 13 3 25 2 6 7 11 13 12 21 12 22 11 26 8 40 10 10 9 14 10 16 12 13 19 17 21 13 22 14 24 17 32 18 36 16 40 14 1 37 15 6 2 2 11 2 16 2 17 2 29 2 40 2 7 12 12 21 12 27 12 28 9 29 12 35 13 38 13 8 1 18 2 14 3 15 4 16 15 19 27 18 32 18 36 18 8 1 18 7 17 12 15 14 15 18 15 19 13 26 15 36 17
11 3 8 13 14 13 29 13 1 10 13 5 6 1 15 1 17 1 30 1 39 1 8 4 3 16 4 19 3 21 3 33 2 35 2 36 2 38 3 9 6 6 7 6 20 6 21 7 22 8 27 10 33 9 34 10 37 10 2 8 18 17 20 9 1 2 9 2 11 2 22 2 23 2 30 2 34 2 37 2 38 2 6 3 10 21 10 32 6 35 7 36 8 39 9 8 5 14 8 17 20 16 23 14 26 12 29 13 33 11 37 12 2 23 6 31 8 2 1 5 33 5
11 6 1 6 6 7 17 5 25 7 32 6 36 7 7 3 8 8 8 15 9 18 8 20 11 25 12 32 12 9 1 8 2 11 3 12 13 12 19 8 20 11 31 10 32 12 40 12 8 2 14 13 14 17 17 19 15 23 17 28 20 33 14 34 18 7 6 17 7 16 11 14 21 15 37 19 38 20 40 17 3 4 9 28 10 38 8 4 14 15 16 20 22 15 25 18 10 1 14 6 14 8 13 12 15 13 10 14 11 16 15 17 12 23 10 31 10 5 2 17 6 17 33 16 35 13 36 12 6 5 18 9 17 13 13 14 14 17 16 23 16 4 1 11 22 11 26 7 31 9
11 6 2 17 6 17 11 16 23 15 32 12 37 16 4 6 15 21 19 29 18 31 16 8 10 7 11 7 12 7 16 8 22 7 27 8 33 6 39 6 5 6 12 9 9 11 10 15 11 21 8 4 9 14 11 11 20 14 21 10 3 4 4 7 4 32 3 1 26 15 6 4 20 14 18 18 19 27 17 29 16 33 17 7 2 11 3 16 15 16 18 10 20 15 23 14 39 14 4 4 19 15 14 27 14 35 15 7 3 16 17 17 20 16 21 16 23 15 25 18 35 17
10 6 1 16 5 14 7 15 25 16 26 13 37 12 9 2 5 3 3 5 5 13 3 16 4 22 3 29 4 33 3 40 5 8 2 10 4 8 10 11 17 8 19 9 23 9 38 8 40 8 8 3 2 4 2 8 2 21 2 26 2 34 2 35 2 39 2 9 12 6 19 8 20 7 22 6 23 8 35 7 36 7 38 7 39 7 8 4 14 15 14 18 12 20 14 21 14 29 11 34 11 37 14 3 26 9 29 8 33 8 6 6 1 8 1 12 1 22 1 28 1 35 1 1 34 2 9 1 18 7 20 8 14 9 15 11 16 19 14 34 14 36 16 37 20
8 2 18 15 26 13 7 7 19 10 17 12 19 15 15 18 13 25 16 38 16 2 4 14 29 17 5 9 20 17 16 27 17 35 20 37 17 10 9 8 10 9 13 9 16 10 17 9 18 12 22 12 24 11 38 12 40 11 7 1 6 9 4 10 6 14 5 15 5 19 4 33 6 9 1 14 4 15 5 10 25 15 27 12 29 12 30 14 38 12 40 15 9 2 6 5 8 10 7 13 8 22 6 25 7 26 6 27 6 35 8
9 9 1 16 9 14 16 14 20 19 22 20 24 19 28 14 29 15 40 15 8 4 4 6 2 9 4 10 2 21 3 24 3 29 2 37 3 3 3 18 22 15 24 13 6 3 1 6 1 11 1 17 1 23 1 24 1 9 3 4 5 4 11 3 19 5 21 3 24 5 29 5 30 5 33 5 6 3 18 4 15 5 14 21 14 28 13 38 17 2 15 15 20 13 7 3 2 4 2 13 2 16 2 23 2 32 2 37 2 9 2 1 4 1 9 1 18 1 20 1 29 1 31 1 32 1 35 1
8 4 8 2 10 2 24 2 26 2 7 3 18 15 17 24 17 26 15 33 17 34 16 40 13 9 1 4 10 2 17 2 18 4 22 2 27 2 31 3 32 3 37 4 9 4 12 6 8 7 10 12 8 15 8 18 10 19 8 21 10 29 8 8 6 11 9 10 10 13 11 13 17 12 18 11 19 14 33 10 8 3 1 4 1 14 1 16 1 19 1 28 1 33 1 38 1 9 1 9 8 9 13 11 14 7 26 8 29 8 35 11 37 7 40 8 1 8 6
8 4 4 4 9 3 17 2 40 2 9 3 3 4 3 6 5 16 5 24 5 25 3 26 5 28 3 36 3 7 4 1 6 1 10 1 12 1 27 1 29 1 38 1 1 3 18 6 1 4 4 2 6 2 12 4 17 3 29 4 7 1 17 5 18 8 20 11 19 18 17 22 18 32 18 7 2 12 7 15 15 15 20 13 31 10 32 15 34 12 10 8 5 10 6 11 4 12 4 13 6 16 6 22 6 28 5 30 6 38 5
10 5 15 11 23 7 30 7 34 7 38 7 8 8 11 14 10 17 14 25 10 26 14 32 13 36 13 37 13 2 14 1 30 1 8 2 12 3 11 6 10 12 15 22 11 26 15 35 14 37 14 1 26 11 1 17 1 2 23 10 24 7 7 6 16 9 17 15 12 25 14 28 17 34 14 40 15 6 6 19 14 18 15 16 25 18 31 20 37 18 3 11 17 19 17 36 13
8 6 2 14 4 13 12 13 30 16 36 13 37 12 7 10 12 15 11 17 14 23 11 25 16 36 15 40 17 7 9 14 13 16 17 18 20 14 35 18 37 20 40 17 10 2 11 9 15 10 12 12 12 14 13 17 10 18 13 20 14 23 14 25 15 6 8 5 11 5 15 4 24 4 34 5 35 4 1 12 9 3 10 3 20 5 21 4 8 6 18 18 15 22 18 28 19 34 20 36 20 37 18 38 20
11 4 18 2 22 2 23 2 31 2 3 2 11 16 11 24 13 2 6 11 18 13 2 2 11 11 9 4 4 19 20 19 22 14 26 17 6 9 7 11 6 18 7 22 6 25 6 34 6 9 4 10 9 8 11 11 12 10 17 10 19 11 26 9 32 12 39 12 8 7 8 15 10 20 6 24 7 26 10 28 8 36 7 39 9 9 3 13 5 11 7 11 8 13 12 14 19 15 25 13 29 15 35 13 6 1 9 12 12 13 8 15 9 22 11 23 10 10 2 5 7 4 11 4 12 5 13 5 24 5 29 3 35 3 38 3 40 4
8 10 12 7 13 8 15 8 16 10 18 10 24 6 25 9 28 7 31 9 40 8 2 20 10 39 8 9 5 14 8 11 15 14 16 12 22 11 23 10 29 12 33 14 39 12 9 2 16 5 16 6 19 14 17 27 17 29 18 31 20 33 17 35 17 1 26 17 5 3 5 10 7 13 6 33 6 39 7 3 9 1 10 1 28 1 7 1 18 6 15 8 18 15 15 18 16 24 16 36 19
8 4 8 11 25 13 29 9 36 12 1 34 17 10 3 20 5 18 14 15 17 17 18 17 19 16 22 19 23 18 34 19 38 14 3 3 7 13 6 23 10 6 5 2 15 2 17 2 19 2 22 2 32 2 5 5 1 8 1 25 1 31 1 38 1 8 5 5 6 5 10 4 13 5 15 4 17 3 26 3 40 4 5 1 13 12 10 21 10 28 12 34 14
12 4 10 4 23 4 25 4 28 3 8 5 17 10 15 17 17 18 16 25 17 26 16 38 17 39 13 7 2 3 9 4 12 4 18 4 25 3 31 3 38 3 7 7 6 8 8 16 6 22 8 23 8 26 6 40 6 4 8 20 27 16 34 20 38 15 10 3 2 4 2 6 2 7 2 8 2 25 2 28 2 29 2 34 2 37 2 8 10 15 11 16 12 17 17 15 19 19 22 17 36 15 37 15 7 6 15 8 12 20 14 24 13 31 11 37 10 40 15 7 12 8 13 11 29 11 30 8 35 11 37 10 40 10 6 3 1 6 1 19 1 27 1 30 1 40 1 2 16 17 18 16 4 2 1 17 1 29 1 30 1
10 8 4 6 5 5 10 5 14 7 24 5 29 6 30 6 34 7 1 10 15 10 9 14 10 10 13 13 15 11 16 16 25 12 29 12 30 15 36 12 38 12 2 9 7 13 7 9 12 1 16 1 17 1 18 1 23 1 25 1 31 1 35 1 36 1 10 2 8 13 11 16 7 22 10 27 9 31 11 32 7 34 8 35 9 38 10 7 14 15 21 16 25 16 27 15 32 19 39 19 40 20 10 3 15 5 14 8 18 11 20 12 18 16 19 29 16 32 17 34 15 39 15 10 1 16 7 16 10 16 12 17 19 17 20 11 27 17 29 11 36 17 37 14 3 8 5 11 6 39 5
12 1 22 9 7 8 14 12 17 13 15 18 16 32 11 33 17 35 11 1 13 19 8 2 10 6 13 11 12 14 12 15 11 16 9 27 12 29 9 1 34 16 5 3 15 16 17 29 12 34 18 40 14 4 2 8 8 7 17 9 27 9 1 20 19 7 1 14 7 12 13 13 21 15 25 10 32 12 36 16 4 2 9 6 9 8 9 35 13 4 5 17 11 19 13 16 15 20 6 6 4 16 4 30 4 32 6 37 5 39 4
11 5 7 9 19 9 32 13 36 10 39 11 10 4 5 7 3 9 3 14 4 20 3 31 5 33 3 34 3 36 5 39 3 5 2 17 23 17 35 17 38 16 40 19 4 3 14 20 11 21 11 27 10 7 9 4 14 4 15 2 21 3 31 3 36 4 38 3 1 26 10 4 5 7 27 11 29 7 38 10 8 5 10 6 10 28 9 32 11 35 9 37 9 38 13 40 13 7 2 15 13 20 20 17 28 19 30 15 33 20 38 18 4 3 18 5 18 7 15 27 19 9 7 10 10 6 12 6 17 8 21 7 28 9 30 10 32 7 40 7
11 10 11 17 14 17 15 16 18 16 20 16 21 15 24 14 31 15 36 15 38 18 7 3 1 10 1 23 1 25 1 26 1 28 1 31 1 4 6 3 25 3 33 4 37 2 1 5 8 3 23 1 31 1 34 1 6 11 17 15 15 17 16 22 15 30 17 35 17 4 20 4 22 3 34 2 35 2 7 3 2 6 2 16 2 17 2 18 2 21 2 29 2 9 1 19 7 20 10 20 15 19 18 17 19 18 21 20 28 17 35 20 1 12 3 3 25 20 35 15 38 16
12 9 10 14 11 19 23 15 24 17 26 16 32 18 34 18 36 17 38 20 3 9 8 23 12 31 12 3 20 11 32 16 35 15 10 8 2 17 2 18 2 22 2 29 2 31 2 32 2 33 2 37 2 39 2 6 1 11 3 13 5 10 23 14 36 14 38 13 6 8 11 10 9 20 10 23 11 28 12 31 12 10 5 19 6 15 8 14 9 15 11 17 19 17 23 20 25 16 36 17 37 16 9 4 17 5 20 7 20 8 18 9 18 29 18 31 17 32 20 36 16 10 7 13 8 10 9 9 10 13 20 13 21 12 23 13 25 13 38 11 39 10 9 3 2 4 2 11 2 15 2 19 2 21 2 22 2 24 2 31 2 2 23 19 36 20 3 7 15 32 20 33 20
8 6 26 17 28 15 33 17 34 14 37 12 39 15 3 14 3 16 3 21 5 2 12 6 17 6 1 8 1 9 5 6 8 8 11 6 26 6 30 6 31 7 33 7 37 8 38 6 4 27 4 30 4 32 3 37 3 10 1 12 9 14 13 17 15 16 20 17 23 16 28 16 29 18 30 14 36 15 2 17 1 32 1
8 1 23 20 2 4 4 29 2 3 8 16 10 18 28 15 8 1 2 4 2 9 2 11 2 27 2 29 2 31 2 38 2 1 11 19 2 11 7 18 7 7 2 17 3 15 10 12 24 16 27 12 34 13 38 14 2 4 8 17 11
9 7 2 13 3 16 7 12 11 12 12 15 17 14 22 15 10 7 6 8 7 11 9 20 9 25 7 26 6 30 10 36 6 39 8 40 9 2 7 19 26 18 4 7 19 16 18 17 19 29 18 9 5 8 13 8 15 7 23 6 26 6 27 7 28 7 32 7 38 8 10 12 9 16 11 18 11 21 10 23 9 28 13 29 10 30 12 35 10 37 10 4 21 18 23 12 33 13 38 16 7 19 7 20 9 23 9 26 10 31 8 38 8 39 6 7 1 8 9 8 19 7 23 8 31 8 34 8 39 8
11 3 3 10 6 13 16 10 8 2 14 5 19 6 18 11 14 12 16 18 20 29 19 36 20 1 5 15 8 6 16 9 17 15 16 16 17 27 20 30 20 34 19 37 17 5 1 2 7 2 15 2 35 2 37 2 5 19 2 28 2 32 4 34 4 35 2 10 2 2 5 2 8 2 10 2 12 2 23 2 31 2 32 2 33 2 36 2 8 3 19 6 19 15 14 19 18 23 20 29 20 31 18 38 17 2 7 1 27 1 9 2 2 5 2 13 2 17 2 19 2 28 2 31 2 32 2 36 2 5 4 9 7 10 8 11 16 13 29 12
10 1 4 13 1 28 17 7 5 15 12 15 14 20 22 16 23 19 34 17 36 20 7 7 10 12 12 15 10 16 13 35 12 37 11 40 11 6 2 2 7 2 26 4 29 4 33 2 35 2 10 3 14 8 20 11 16 14 19 16 18 19 14 20 17 23 15 24 19 40 18 10 1 10 2 14 10 13 11 12 18 11 20 15 26 12 31 15 36 16 37 10 2 24 1 33 1 3 17 5 18 5 30 5 5 11 10 14 11 22 14 28 11 39 11
8 5 5 4 8 5 9 4 16 4 38 6 8 4 16 6 18 9 16 11 19 18 19 31 14 33 17 38 14 8 2 9 13 6 19 8 22 7 23 7 31 7 32 10 33 7 2 16 6 27 7 5 2 12 3 8 4 12 23 10 25 11 2 31 14 35 12 8 3 11 8 11 15 11 27 11 28 9 32 9 34 12 37 8 4 3 9 20 12 39 9 40 9
10 7 4 14 5 14 6 14 18 15 30 14 31 20 40 16 10 4 13 6 13 7 10 9 12 14 10 18 13 21 11 28 11 32 12 40 14 9 7 7 10 7 14 6 17 6 21 5 28 5 30 5 31 6 38 5 10 5 14 13 16 14 14 19 13 21 14 22 15 25 16 27 17 32 14 38 13 8 5 17 7 11 16 11 24 11 27 14 30 15 32 15 38 13 7 13 9 18 12 23 8 26 8 28 11 35 9 38 12 5 11 16 24 16 29 15 34 17 39 15 7 2 7 8 7 20 7 21 6 23 7 27 6 36 6 2 4 14 13 14 1 12 11
8 4 1 2 24 3 28 2 32 3 9 2 14 9 11 13 14 15 10 17 11 21 14 28 10 32 12 39 10 7 8 16 15 17 21 17 25 12 30 12 32 12 37 15 2 7 3 33 5 6 1 19 7 14 9 14 16 19 23 16 37 17 10 4 12 8 11 9 8 13 9 17 11 18 12 19 10 23 12 25 8 29 9 1 28 6 1 4 19
12 2 1 18 2 19 10 6 6 13 7 16 6 17 6 21 8 22 6 23 8 26 8 38 6 39 6 3 7 2 8 2 13 2 6 9 17 12 14 14 15 22 12 38 14 40 11 7 4 14 5 14 10 15 20 12 22 16 39 13 40 15 7 3 12 6 11 14 12 17 15 29 15 30 14 40 15 8 2 11 8 8 11 11 17 9 27 9 29 10 36 10 39 10 2 8 16 33 20 9 1 20 3 15 4 16 11 17 22 15 26 16 31 20 32 17 40 18 5 20 1 29 1 30 1 33 1 36 1 3 5 2 34 2 35 2 7 4 17 5 18 8 12 27 12 28 12 31 14 37 12
10 10 2 3 4 4 5 4 13 3 16 5 18 5 20 4 30 3 35 4 39 5 7 2 12 10 9 11 12 15 13 25 10 32 11 33 12 1 5 11 8 2 3 10 4 14 2 17 3 28 2 31 3 39 4 40 2 5 3 18 16 13 18 12 30 17 34 13 6 2 17 6 11 16 12 25 17 35 12 40 12 9 1 1 2 1 9 1 10 1 11 1 18 1 19 1 30 1 31 1 10 3 16 6 14 9 17 14 13 17 12 22 13 23 12 24 17 27 12 29 13 6 7 4 22 2 23 2 27 4 34 2 35 3 8 1 12 2 16 9 16 10 14 14 13 23 15 31 11 39 16
11 2 8 13 33 16 1 40 16 3 25 18 36 20 40 17 1 33 10 10 11 16 12 20 13 16 16 15 18 14 19 20 24 20 26 20 30 17 40 19 7 6 5 11 7 13 6 14 7 16 5 39 6 40 5 8 1 18 5 14 8 19 15 19 29 16 31 20 33 14 39 16 6 3 2 4 2 13 2 20 2 21 2 39 2 10 2 2 4 2 7 2 11 2 20 2 23 4 28 3 32 4 35 3 39 2 4 12 4 15 2 36 4 40 3 10 1 2 4 2 11 2 14 2 30 2 31 2 33 2 35 2 36 2 39 2
11 4 4 18 18 18 20 20 38 15 3 29 4 31 4 40 3 7 7 12 17 11 18 12 23 13 24 14 29 13 32 12 4 13 6 16 7 30 7 40 6 8 6 18 10 12 12 14 15 12 16 15 29 17 37 12 38 12 1 3 17 3 1 17 2 16 38 19 9 3 16 7 17 21 18 23 16 25 19 28 19 29 16 30 20 40 19 9 3 14 4 14 8 10 9 11 13 11 16 13 20 11 23 10 40 13 8 1 8 2 10 4 11 11 9 13 12 14 11 27 12 33 10 2 14 5 39 7
8 9 1 17 11 20 13 19 17 16 26 19 27 16 34 16 35 18 39 19 10 2 10 3 8 5 6 7 7 10 6 18 7 31 7 33 10 35 9 40 6 1 13 18 5 6 2 8 2 15 2 26 2 27 2 6 1 7 21 8 25 8 37 8 39 7 40 7 6 1 16 4 18 13 12 27 12 29 16 34 12 1 18 13 4 10 18 22 17 32 14 36 18
9 7 8 16 14 13 21 13 22 19 32 14 35 14 37 15 6 3 16 7 19 18 20 25 15 26 20 37 19 8 2 8 5 7 13 7 14 6 16 6 18 7 26 8 27 6 4 2 11 8 13 10 11 11 12 10 1 7 3 8 4 7 6 7 16 6 20 7 24 7 31 6 32 6 34 6 7 7 1 9 1 10 1 12 1 13 1 23 1 29 1 2 14 7 30 7 4 8 7 22 5 25 5 26 7 6 7 2 15 3 22 3 24 2 27 3 37 3
11 9 1 10 13 12 14 10 15 8 16 12 21 10 29 11 34 11 36 9 3 9 7 34 6 39 7 2 3 17 16 20 1 6 8 6 6 15 8 12 13 11 24 17 26 15 38 12 6 5 7 6 5 9 7 13 6 25 7 26 6 10 2 2 3 2 7 2 8 4 9 4 10 2 13 3 23 3 29 4 31 2 3 4 9 33 8 37 11 9 2 18 6 15 11 19 13 16 19 15 20 16 23 16 24 18 40 17 4 6 13 28 13 29 11 31 14 9 4 14 5 18 10 19 19 14 26 17 29 17 32 19 35 20 40 15
10 4 20 8 32 10 34 8 36 10 9 6 16 9 13 13 17 25 18 33 12 35 17 37 12 38 15 39 17 7 2 13 4 10 11 12 22 10 24 11 27 11 39 10 10 1 19 2 15 9 18 13 16 16 20 21 20 27 16 29 15 35 19 40 19 9 2 16 4 14 8 15 20 16 23 10 24 12 28 13 29 13 37 10 8 2 8 12 8 15 8 30 6 32 8 35 7 36 8 37 6 7 6 6 9 10 10 10 15 8 33 10 36 10 39 6 9 4 10 5 10 13 11 21 10 24 13 28 13 29 10 30 13 39 12 5 7 8 29 6 31 6 33 8 40 8 1 14 12
10 10 5 17 7 14 15 20 19 17 20 20 23 17 24 19 31 15 32 16 33 18 3 1 20 21 19 34 18 5 12 12 26 10 27 10 30 11 34 13 1 18 4 3 3 3 4 3 34 4 5 4 10 5 11 19 13 25 13 32 11 7 5 17 12 17 16 16 18 18 26 16 28 16 29 19 9 3 19 8 16 9 17 15 19 19 17 21 18 25 18 27 20 30 20 8 2 7 8 9 13 7 14 11 17 11 31 7 33 10 38 11 10 1 20 8 18 9 15 11 18 12 16 13 19 24 15 28 20 30 15 36 17
12 5 5 13 26 14 28 13 31 12 38 10 2 11 10 12 12 2 5 7 33 9 4 8 2 18 2 28 2 33 2 2 2 6 40 5 5 2 6 11 6 24 5 25 7 40 6 7 21 8 22 8 26 6 32 8 35 9 37 10 40 9 7 5 2 11 3 12 3 25 3 28 2 30 2 31 3 6 3 12 15 12 16 9 18 13 27 11 35 11 8 7 17 15 16 17 20 22 17 23 20 31 16 32 19 36 18 10 2 15 9 10 13 13 14 13 17 16 19 10 25 16 29 11 30 15 36 12 6 10 6 17 6 18 5 25 5 26 5 37 5
9 9 3 12 4 10 5 10 11 13 18 12 20 12 27 13 31 10 38 10 5 18 6 25 5 26 6 36 6 39 6 4 4 9 10 10 11 10 29 10 7 13 5 16 4 20 5 24 3 26 4 33 5 35 3 6 9 15 10 16 12 18 15 18 24 19 37 17 1 35 19 3 13 14 32 17 34 15 9 1 18 13 20 16 15 21 20 23 19 25 15 27 18 36 18 39 15 8 16 5 17 5 20 6 22 5 25 5 31 6 34 6 37 5
8 6 10 10 13 8 15 8 29 8 32 6 40 6 7 4 9 16 6 29 8 32 6 33 7 35 10 40 9 5 7 6 12 9 13 9 23 9 31 8 3 14 6 15 7 27 5 8 6 18 10 13 14 15 17 13 19 17 24 16 26 18 36 16 9 7 13 9 11 11 11 14 9 15 10 18 10 29 12 31 11 33 13 6 7 3 10 3 14 5 23 3 35 3 36 3 5 6 13 13 11 17 11 20 11 33 13
10 1 25 15 6 5 11 6 10 13 10 14 9 19 8 22 9 2 6 6 26 4 4 9 5 17 6 24 6 39 6 10 8 15 9 20 12 15 13 17 15 17 21 17 25 20 27 16 35 18 38 20 4 13 12 19 11 23 9 32 10 5 1 18 4 17 14 15 20 20 36 16 4 3 17 8 15 24 13 27 18 7 2 6 3 8 7 8 16 6 18 7 23 6 34 8 1 32 2
